1 7750
2 8398.44
3 8609.38
4 8712.89
5 8776.56
6 8820.31
7 8851.56
8 8874.02
9 8891.49
10 8905.47
11 8916.9
12 8927.08
13 8935.1
14 8941.96
15 8947.92
16 8953.61
17 8958.18
18 8962.67
19 8966.28
20 8969.53
21 8972.47
22 8975.14
23 8977.92
24 8980.14
25 8982.19
26 8984.07
27 8986.11
28 8987.72
29 8989.22
30 8990.89
31 8992.19
32 8993.41
33 8994.55
34 8995.86
35 8996.88
36 8997.83
37 8998.73
38 8999.59
39 9000.6
40 9001.37
41 9002.1
42 9002.98
43 9003.63
44 9004.26
45 9004.86
46 9005.6
47 9006.15
48 9006.67
49 9007.17
50 9007.81
51 9008.27
52 9008.71
53 9009.14
54 9009.69
55 9010.09
56 9010.46
57 9010.96
58 9011.31
59 9011.65
60 9011.98
