1 7750
2 8394.53
3 8606.77
4 8712.89
5 8776.56
6 8820.31
7 8850.45
8 8874.02
9 8891.49
10 8905.47
11 8916.9
12 8927.08
13 8935.1
14 8941.96
15 8947.92
16 8953.12
17 8958.18
18 8962.24
19 8965.87
20 8969.14
21 8972.1
22 8975.14
23 8977.58
24 8980.14
25 8982.19
26 8984.07
27 8985.82
28 8987.44
29 8989.22
30 8990.62
31 8991.94
32 8993.16
33 8994.55
34 8995.63
35 8996.65
36 8997.83
37 8998.73
38 8999.59
39 9000.4
40 9001.17
41 9002.1
42 9002.79
43 9003.45
44 9004.08
45 9004.86
46 9005.43
47 9005.98
48 9006.67
49 9007.17
50 9007.66
51 9008.12
52 9008.71
53 9009.14
54 9009.55
55 9009.94
56 9010.32
57 9010.83
58 9011.18
59 9011.52
60 9011.98
